841.187717154710 0.000000000000 0.000000000000 0.000000000000 0.000000000000 0.000000000000 0.000000000000 0.000000000000 0.000000000000 0.000000000000 0.000000000000 0.000000000000 0.000000000000 0.000000000000 0.000000000000 0.000000000000 0.000000000000 0.000000000000 0.000000000000 0.000000000000 0.000000000000 0.000000000000 0.000000000000 0.000000000000 0.000000000000 0.000000000000 0.000000000000 0.000000000000 0.000000000000 0.000000000000 0.000000000000 0.000000000000 
613.639832595661 8.602878099107 0.000000000000 0.000000000000 0.000000000000 0.000000000000 0.000000000000 0.000000000000 0.000000000000 0.000000000000 0.000000000000 0.000000000000 0.000000000000 0.000000000000 0.000000000000 0.000000000000 0.000000000000 0.000000000000 0.000000000000 0.000000000000 0.000000000000 0.000000000000 0.000000000000 0.000000000000 0.000000000000 0.000000000000 0.000000000000 0.000000000000 0.000000000000 0.000000000000 0.000000000000 0.000000000000 
267.665749376018 414.949579058308 -3083.641142742543 0.000000000000 0.000000000000 0.000000000000 0.000000000000 0.000000000000 0.000000000000 0.000000000000 0.000000000000 0.000000000000 0.000000000000 0.000000000000 0.000000000000 0.000000000000 0.000000000000 0.000000000000 0.000000000000 0.000000000000 0.000000000000 0.000000000000 0.000000000000 0.000000000000 0.000000000000 0.000000000000 0.000000000000 0.000000000000 0.000000000000 0.000000000000 0.000000000000 0.000000000000 
399.436666651832 628.019934369803 -4545.922948914363 -105.176023808158 0.000000000000 0.000000000000 0.000000000000 0.000000000000 0.000000000000 0.000000000000 0.000000000000 0.000000000000 0.000000000000 0.000000000000 0.000000000000 0.000000000000 0.000000000000 0.000000000000 0.000000000000 0.000000000000 0.000000000000 0.000000000000 0.000000000000 0.000000000000 0.000000000000 0.000000000000 0.000000000000 0.000000000000 0.000000000000 0.000000000000 0.000000000000 0.000000000000 
750.770882422929 16.779182088866 -534.474105711494 -939.213496018255 -1771.330027453739 0.000000000000 0.000000000000 0.000000000000 0.000000000000 0.000000000000 0.000000000000 0.000000000000 0.000000000000 0.000000000000 0.000000000000 0.000000000000 0.000000000000 0.000000000000 0.000000000000 0.000000000000 0.000000000000 0.000000000000 0.000000000000 0.000000000000 0.000000000000 0.000000000000 0.000000000000 0.000000000000 0.000000000000 0.000000000000 0.000000000000 0.000000000000 
574.318628395590 486.634216358742 -4247.354542206943 -1656.610877983904 -2335.761116683030 9764.360954844589 0.000000000000 0.000000000000 0.000000000000 0.000000000000 0.000000000000 0.000000000000 0.000000000000 0.000000000000 0.000000000000 0.000000000000 0.000000000000 0.000000000000 0.000000000000 0.000000000000 0.000000000000 0.000000000000 0.000000000000 0.000000000000 0.000000000000 0.000000000000 0.000000000000 0.000000000000 0.000000000000 0.000000000000 0.000000000000 0.000000000000 
748.809296356425 277.947574804771 -2811.971330184124 -1101.056696298256 -2656.732132691278 -4884.094778397804 902.332007891466 0.000000000000 0.000000000000 0.000000000000 0.000000000000 0.000000000000 0.000000000000 0.000000000000 0.000000000000 0.000000000000 0.000000000000 0.000000000000 0.000000000000 0.000000000000 0.000000000000 0.000000000000 0.000000000000 0.000000000000 0.000000000000 0.000000000000 0.000000000000 0.000000000000 0.000000000000 0.000000000000 0.000000000000 0.000000000000 
281.042013283839 415.008879523890 -2752.506797249567 -304.966256361848 724.304122036667 13178.595223117316 -433.215385921432 -239.418663457452 0.000000000000 0.000000000000 0.000000000000 0.000000000000 0.000000000000 0.000000000000 0.000000000000 0.000000000000 0.000000000000 0.000000000000 0.000000000000 0.000000000000 0.000000000000 0.000000000000 0.000000000000 0.000000000000 0.000000000000 0.000000000000 0.000000000000 0.000000000000 0.000000000000 0.000000000000 0.000000000000 0.000000000000 
731.729345572521 -14.559840013601 172.014406533946 -406.133909163517 135.638384012441 10762.190627414324 -146.512646359386 -499.268652579127 658.859629149086 0.000000000000 0.000000000000 0.000000000000 0.000000000000 0.000000000000 0.000000000000 0.000000000000 0.000000000000 0.000000000000 0.000000000000 0.000000000000 0.000000000000 0.000000000000 0.000000000000 0.000000000000 0.000000000000 0.000000000000 0.000000000000 0.000000000000 0.000000000000 0.000000000000 0.000000000000 0.000000000000 
765.871435130421 340.093340258352 -3222.957533656929 -1200.800398374693 -3061.405014586804 -9539.978039158548 998.518297845516 -849.684222355166 2722.152505429474 2788.816956881181 0.000000000000 0.000000000000 0.000000000000 0.000000000000 0.000000000000 0.000000000000 0.000000000000 0.000000000000 0.000000000000 0.000000000000 0.000000000000 0.000000000000 0.000000000000 0.000000000000 0.000000000000 0.000000000000 0.000000000000 0.000000000000 0.000000000000 0.000000000000 0.000000000000 0.000000000000 
839.133602793391 330.834555461082 -3162.550696263153 -1731.923605388992 -3274.096999264025 -1413.066717358273 -241.661828257024 -461.151683158374 1964.277552040080 2477.043621133064 164.060203398935 0.000000000000 0.000000000000 0.000000000000 0.000000000000 0.000000000000 0.000000000000 0.000000000000 0.000000000000 0.000000000000 0.000000000000 0.000000000000 0.000000000000 0.000000000000 0.000000000000 0.000000000000 0.000000000000 0.000000000000 0.000000000000 0.000000000000 0.000000000000 0.000000000000 
659.746634451089 452.677517545296 -3628.783393290932 -1304.991455628850 -1367.889033621527 12017.388339547681 -694.099043238055 92.734909453049 -381.038058532815 -1140.435937264119 446.523995883046 -2046.102736122988 0.000000000000 0.000000000000 0.000000000000 0.000000000000 0.000000000000 0.000000000000 0.000000000000 0.000000000000 0.000000000000 0.000000000000 0.000000000000 0.000000000000 0.000000000000 0.000000000000 0.000000000000 0.000000000000 0.000000000000 0.000000000000 0.000000000000 0.000000000000 
211.882919473053 375.302783795890 -2234.933786420581 27.979813530185 1204.696856153705 9892.054281172474 -1017.582853797350 123.087634018798 508.342263312679 1507.800384329885 -536.112832106233 2395.969654397742 1695.318511338499 0.000000000000 0.000000000000 0.000000000000 0.000000000000 0.000000000000 0.000000000000 0.000000000000 0.000000000000 0.000000000000 0.000000000000 0.000000000000 0.000000000000 0.000000000000 0.000000000000 0.000000000000 0.000000000000 0.000000000000 0.000000000000 0.000000000000 
71.090204044287 66.422938002482 344.566706167294 918.806898312247 3072.408431457882 14368.447956094325 -336.383506231512 -182.462330003838 -296.648211345722 743.201425806754 -358.144128407659 3287.988323916795 -3237.417231658033 1935.754177725771 0.000000000000 0.000000000000 0.000000000000 0.000000000000 0.000000000000 0.000000000000 0.000000000000 0.000000000000 0.000000000000 0.000000000000 0.000000000000 0.000000000000 0.000000000000 0.000000000000 0.000000000000 0.000000000000 0.000000000000 0.000000000000 
533.845990049115 -95.199528943134 795.313940273954 -281.482873422427 -26.975307445082 5139.797074897805 -126.007515402383 -203.149127158079 320.039063917545 738.203672545352 403.721241153202 240.008428945188 -4170.645669476303 3824.481077293664 1663.363155543087 0.000000000000 0.000000000000 0.000000000000 0.000000000000 0.000000000000 0.000000000000 0.000000000000 0.000000000000 0.000000000000 0.000000000000 0.000000000000 0.000000000000 0.000000000000 0.000000000000 0.000000000000 0.000000000000 0.000000000000 
188.616412149564 531.303081750046 -3585.056699527790 129.259690603378 566.655394669923 46.144125902993 -628.793689910453 -374.323033969839 2321.757682189060 4312.369317736736 -1275.026339133511 5270.783202602943 3804.059201105453 -2734.093295421592 -1166.053257993231 874.910775149103 0.000000000000 0.000000000000 0.000000000000 0.000000000000 0.000000000000 0.000000000000 0.000000000000 0.000000000000 0.000000000000 0.000000000000 0.000000000000 0.000000000000 0.000000000000 0.000000000000 0.000000000000 0.000000000000 
552.442931197324 674.755623433704 -5239.937705193607 -1037.056392233854 -1091.107339163412 9519.962050083390 -471.948537012173 586.472689151839 -1751.039013763652 -2294.784974310781 271.749692442086 -1793.975741824538 1569.112914383524 -287.136795265664 530.014533145064 994.763092592841 -4126.591229557606 0.000000000000 0.000000000000 0.000000000000 0.000000000000 0.000000000000 0.000000000000 0.000000000000 0.000000000000 0.000000000000 0.000000000000 0.000000000000 0.000000000000 0.000000000000 0.000000000000 0.000000000000 
580.021505349791 -238.663742128229 2007.726983522116 509.966746015680 1197.143384301521 4080.993045687037 -104.709195434534 339.280671328743 -1134.850307184711 -1398.745353191086 614.969140238961 -1748.675353958006 -2404.228148902381 3074.226017236110 488.059806228929 -3075.905540976927 5129.453468716224 -39.893980825238 0.000000000000 0.000000000000 0.000000000000 0.000000000000 0.000000000000 0.000000000000 0.000000000000 0.000000000000 0.000000000000 0.000000000000 0.000000000000 0.000000000000 0.000000000000 0.000000000000 
631.243156864421 627.809898317510 -4706.652566538721 -946.992837679979 -1105.816244440373 5044.219845072331 -297.026875887233 -376.844032363629 1469.448198050485 1935.563650011068 -573.280080128918 1817.305217992031 2433.158751303196 -2332.990502400903 -1138.541847093706 11.545792269171 2607.890474950189 1022.696013064348 -26447.322872274130 0.000000000000 0.000000000000 0.000000000000 0.000000000000 0.000000000000 0.000000000000 0.000000000000 0.000000000000 0.000000000000 0.000000000000 0.000000000000 0.000000000000 0.000000000000 
478.960879671369 135.979438470433 -843.610129538865 474.817879518639 283.330701380862 -8214.709075090339 793.360145145369 -1625.887632359160 4375.363465359229 4543.415489071434 -323.033511353956 1429.629467331452 486.958073899015 -720.599999074261 -1371.185759172693 -2029.219566603977 3938.034725852001 -762.781219417772 18880.937920833934 627.125890554056 0.000000000000 0.000000000000 0.000000000000 0.000000000000 0.000000000000 0.000000000000 0.000000000000 0.000000000000 0.000000000000 0.000000000000 0.000000000000 0.000000000000 
156.336381008540 220.406423171029 -967.744476613720 666.311797342922 2743.563786170130 17550.308161263718 -893.568935564813 1011.981998006665 -3036.803257743168 -3185.447243452236 370.762334747895 -538.231292379800 -2450.172862777332 4134.383012003735 1612.826794165172 -1223.139648535836 180.435414238364 -128.798048674697 2726.001124242162 -1587.018348690200 -6130.990585647726 0.000000000000 0.000000000000 0.000000000000 0.000000000000 0.000000000000 0.000000000000 0.000000000000 0.000000000000 0.000000000000 0.000000000000 0.000000000000 
394.746090770581 311.888709469783 -2343.366153874321 -489.354842991473 -633.057358744166 2226.531572141297 -65.841027075913 -631.865382225902 1235.088034059315 63.839595717537 781.210943430389 -2856.449336774187 -2241.431777443037 2453.400977331138 747.807374599273 -1000.960691581149 -475.963620562461 -100.042521916191 2658.271126581566 -637.418485012838 -2665.843182783973 1404.344687282636 0.000000000000 0.000000000000 0.000000000000 0.000000000000 0.000000000000 0.000000000000 0.000000000000 0.000000000000 0.000000000000 0.000000000000 
810.370677363766 -190.834400312639 1313.168927567653 -594.946660350327 -1220.262521389828 -3207.642627271255 204.248047237819 -1931.137729506270 5945.641895886898 7368.717624958245 -31.565800629711 2791.047171064117 -4642.473823795542 2323.407680198917 -1348.549281341631 -4196.778224881896 12293.362960095712 64.249113055528 -2978.345082714576 530.478808040393 919.168945151581 -1621.967442431747 938.122657980629 0.000000000000 0.000000000000 0.000000000000 0.000000000000 0.000000000000 0.000000000000 0.000000000000 0.000000000000 0.000000000000 
206.714194199869 426.466920009467 -3090.154203263286 -324.610232827192 304.329320993381 10686.794486675626 -604.138310264900 811.015624423501 -2242.595182616652 -2631.832137156453 -213.856043940675 318.961797915367 1417.564774544399 31.150464066736 766.869895044490 2070.398100249398 -5745.620406371700 571.022929695073 -14116.591416997297 -1041.706740456037 -3397.268493237429 1650.990530706681 -1231.137924769242 -1699.124870044911 0.000000000000 0.000000000000 0.000000000000 0.000000000000 0.000000000000 0.000000000000 0.000000000000 0.000000000000 
344.959444828313 198.801170847814 -1814.701554541846 -906.767645024093 -1795.075418476364 -1925.075122444710 129.889467746346 -134.387373762407 1132.070551589925 2300.712716565153 -206.566328703094 1444.310612945260 -11.481794441568 -31.079262704832 -138.480922599907 -561.804992023831 3181.887704007756 309.210002877482 -7827.357118457465 773.016564977615 2909.924260240698 919.006228253068 -427.519226891008 582.389674145423 378.405229161437 0.000000000000 0.000000000000 0.000000000000 0.000000000000 0.000000000000 0.000000000000 0.000000000000 
97.404120370934 742.859579285779 -4890.653569897477 -223.608510443196 1406.000432856416 16846.031993544781 -1228.620302661127 -301.298086945250 1258.455870540231 2060.788613701729 -788.739984889947 4027.167131491137 700.146485976225 -468.816234138158 426.316221195642 3613.146994474410 -7739.256429030834 -584.486060495220 15345.892666828442 560.833717465174 1552.353910488191 -2339.201740797111 928.937951106795 -2271.812727721338 -1096.051772680974 1574.948250172391 0.000000000000 0.000000000000 0.000000000000 0.000000000000 0.000000000000 0.000000000000 
669.325549768436 215.282184731138 -1976.134843859596 -357.492595059960 -1262.226742467930 -6242.290949459127 28.077596950937 461.103231965046 -568.028831062959 -824.058685738755 -102.227945217783 -861.903989767826 3259.723740588563 -1885.212636572394 -931.678907958041 -1040.312895194395 1257.755752712552 -69.108940049697 1417.445425873309 359.140817977056 1743.290847647477 191.606600804521 695.847818837749 1536.222008284422 -959.256059077919 -2378.395433679077 1072.640171401832 0.000000000000 0.000000000000 0.000000000000 0.000000000000 0.000000000000 
639.409430924062 400.798401202084 -3156.465754385489 -880.089111696318 -956.049471950312 7572.258199682281 -52.898630522410 -544.617552407782 1334.517859164187 1292.439228309599 -506.427451002515 975.592717761854 3857.675489461731 -2927.856151186733 -571.182396185768 1945.087236630308 -5142.963323200446 -659.852464782965 17659.840829684435 982.693020222041 3469.722672293209 1214.140262749465 -868.226844130785 -742.019989716798 -164.189898347526 -815.978032803276 -498.642742256669 -2673.163276296495 0.000000000000 0.000000000000 0.000000000000 0.000000000000 
845.281238896903 339.004290684126 -3225.670267938066 -1305.579858233191 -3292.865099769282 -11176.738587480440 945.074340242725 -2036.453076541734 6086.539713123281 6724.093705536963 -1071.677716611965 3269.155719210856 5099.063812538639 -4861.260235040551 -1983.749377213157 986.089887091421 -1349.928848877085 -152.893090231579 4492.810264725913 225.236934671241 353.227811843037 1756.759178506431 172.161628779799 2544.954796339856 -1315.689540706258 -3991.327935997655 1202.852891412860 -919.392495253771 1425.549478149525 0.000000000000 0.000000000000 0.000000000000 
764.763830887044 415.970949947832 -3645.822655233575 -1750.585573216388 -2454.906131123670 9145.752620736590 -779.804654792320 387.447138020205 -720.146457992271 -1203.675566825491 366.794328169968 -1969.407999906823 1226.309293174760 -153.378043851157 467.962283631436 247.014607134075 -537.152547853405 925.475200815347 -23511.923112381279 -1123.844284636630 -3058.283905812291 1909.947450953753 -651.680166917168 842.642263900953 546.966061356371 -588.662223920016 -187.095396722885 -138.522586088537 141.164431229144 -381.018210367618 0.000000000000 0.000000000000 
247.071205589022 461.590306394710 -3499.328555972790 -745.488069409181 -278.332604869805 13108.315322528217 -665.010236502815 762.632635369513 -2000.310025522386 -2219.734689164968 -207.024895171490 116.429405155569 1878.343768352554 -373.047761902433 465.594463124249 1617.648774591009 -4801.218063223620 375.514932372162 -9484.151114390561 -1438.407734646806 -4181.691788934122 824.433614928428 -1735.200525762484 -2703.197989004101 1031.892533471935 3110.747770188490 -901.620894337593 1936.400571216605 1448.351995781106 -2556.517010737365 -2265.902682307682 0.000000000000 
406.267346839079 3.535078630858 432.940593225617 256.645715130286 1605.842483743162 12380.699950134229 -615.854214341363 301.271931451904 -1102.000039118049 -575.659959097962 321.847263536743 222.440867907421 -3338.688836037249 2586.968174486350 -194.221845944600 -2942.547517401434 7414.236767295032 594.322986234855 -16195.120277157315 329.635994667668 1111.811181430833 -567.303243775376 670.353635955235 1008.803726428203 -602.654909762295 -2432.456208257585 506.089614995711 -1150.457113157977 817.121024229281 1381.167675774208 461.596239823487 1318.602070461658 
