1.000000000000 0.470029362954 0.932133467677 0.950370550084 1.084950884713 0.236036933546 0.399700029920 0.914456522753 0.331406064447 0.659745672075 0.568716164188 0.748787591541 0.434842860080 0.611517381561 1.133195011928 1.090357181042 0.756919906194 0.853908009811 0.169525246800 0.722750539337 0.020566838140 0.289931445331 0.164329048044 0.957190336719 0.187448159357 0.477829604557 0.155483067708 0.130540187150 1.188705561924 0.260651577335 0.610960412193 0.998721471510 
0.000000000000 1.000000000000 7.736718092970 -6.730077367539 -19.898700214862 96.355353399970 5.607998208133 24.551173203028 37.706104116334 42.551760967694 6.072587534272 50.337056354127 2.031627780703 -2.533230871622 13.175930343939 29.169293465544 -45.766187054760 49.557264703855 49.165860690147 -41.434118675683 20.992185731394 56.529156618086 91.875503048088 -27.604387741171 -5.795076457555 -31.639670648494 42.229022595617 -1.860867965215 -56.975947142572 94.350743093934 61.409498349056 27.788898951061 
0.000000000000 0.000000000000 1.000000000000 -1.070004487827 -2.750024421768 12.769666362741 0.616613925447 3.370037839041 4.960434687089 5.480725798776 0.564343775263 6.604469149031 0.218612412455 -0.527627912987 1.663515690690 3.904665971103 -6.316208342100 6.688636236973 6.487663072961 -5.798563758545 2.557367155426 7.524551741600 12.302896688095 -3.921531027575 -0.877485783179 -4.439115536674 5.385537298367 -0.430291760164 -7.777258263081 12.440128578124 8.173719826807 3.526138471077 
0.000000000000 0.000000000000 0.000000000000 1.000000000000 -0.432634398302 22.254313409923 -0.691623923344 -4.346684153435 10.593164016372 11.313047825848 7.923176481553 13.837818796894 -1.566866027261 7.319533260498 3.595594149635 6.614225000051 -1.661722383409 7.900096182497 12.017051033669 3.326137943396 9.590479104448 9.448092068526 15.846377364099 -0.328923832190 3.045006746518 3.549484176702 15.251498542534 0.742358532263 -8.919835634929 17.783438066869 9.202511397233 13.664391284081 
0.000000000000 0.000000000000 0.000000000000 0.000000000000 1.000000000000 -14.778751650914 0.316603520123 1.494139341007 -6.687321737841 -7.418065418493 -4.166030411206 -8.957039343102 0.925748239935 -4.023587352439 -1.833545793970 -4.241801467077 2.574170486023 -5.511803226044 -8.242746811496 -0.514323376291 -6.020473163782 -7.168440374067 -11.536077386863 1.072416322988 -1.378571166838 -0.716512885362 -9.540149314579 -0.270815462895 7.000334385785 -12.294834090845 -6.766154438402 -8.086015297547 
0.000000000000 0.000000000000 0.000000000000 0.000000000000 0.000000000000 1.000000000000 0.014859456002 -0.178529658370 0.558856372772 0.375046094041 0.346312812128 0.532697547290 -0.075588405827 0.234739053079 0.232635292964 0.306650529690 -0.160435012194 0.451453343146 0.522386492386 0.025510073270 0.288817415048 0.383582397168 0.751386968940 -0.139183698546 0.153435550699 0.058905398727 0.588773679633 0.036717356791 -0.420848462922 0.871466108433 0.460928078469 0.564127009064 
0.000000000000 0.000000000000 0.000000000000 0.000000000000 0.000000000000 0.000000000000 1.000000000000 1.231720976649 0.916861239313 -1.755975014989 -0.304956280424 -1.057342619160 0.839366884533 -2.463733374269 0.616056386515 0.440894641803 -0.544793822167 0.811810060863 -1.124392055633 -2.948581891888 -2.275123292999 -1.450211949614 0.118277923626 -2.157047871259 -0.252344782626 -1.686265271571 -2.562221326694 0.133879628394 0.025208538808 0.428328240087 0.418561146144 -1.402699170154 
0.000000000000 0.000000000000 0.000000000000 0.000000000000 0.000000000000 0.000000000000 0.000000000000 1.000000000000 2.690086793573 -5.051325936902 -0.194675024078 -1.302059835923 -0.809183134515 -4.228101899075 3.123664367329 0.794389961031 -6.594142452036 4.630255759561 -0.634814939731 -4.640832142652 -6.382685076256 1.071346554796 1.467928498951 -1.911262388779 -0.617203199532 -6.554968695113 -2.595896526311 -0.779016966900 -0.079775555480 7.405782073194 3.068749261835 -2.098397743262 
0.000000000000 0.000000000000 0.000000000000 0.000000000000 0.000000000000 0.000000000000 0.000000000000 0.000000000000 1.000000000000 -2.932492102813 -0.378417540050 0.340362678420 0.199532395725 -2.699540936251 0.066643389731 -0.394033326045 -3.377826132962 1.621817448717 0.058049464129 -2.197537982812 -1.956766139602 0.925366993420 0.145631968961 -0.437731396749 0.519093567636 -4.032859415770 -0.177129659859 -0.216087772582 -0.381593196062 4.177028705460 1.956039335952 -1.048601520095 
0.000000000000 0.000000000000 0.000000000000 0.000000000000 0.000000000000 0.000000000000 0.000000000000 0.000000000000 0.000000000000 1.000000000000 0.482630781899 -0.917103506767 -0.666395672987 1.622755566840 1.328314858956 0.678956290503 1.297319086975 0.091277370095 -0.420620575204 0.993312246811 -0.011342423902 -0.646872843261 0.127997261265 0.052987053447 -0.462372647149 2.188121861572 -0.495755409276 0.013092913814 0.638390010998 -1.983130117341 -1.006392462926 0.412289926663 
0.000000000000 0.000000000000 0.000000000000 0.000000000000 0.000000000000 0.000000000000 0.000000000000 0.000000000000 0.000000000000 0.000000000000 1.000000000000 2.244494439246 10.917354523854 -11.896870952135 -5.064913406436 -1.919058069203 3.036664980988 -0.640385234645 -2.157399589491 -11.342559458185 -6.321777671743 -10.430860803776 -4.129333760599 -8.251809535038 0.648831980500 -4.432176543664 -5.889249036388 -1.502635336852 -1.836917982426 5.165764412595 1.271594428431 -5.444815167181 
0.000000000000 0.000000000000 0.000000000000 0.000000000000 0.000000000000 0.000000000000 0.000000000000 0.000000000000 0.000000000000 0.000000000000 0.000000000000 1.000000000000 2.413932829896 -2.540972177987 -1.653426949997 -0.851707013350 -0.309930052878 -0.049300062705 0.006737494000 -2.174490982539 -1.007773237208 -1.276366938959 -0.777733336894 -1.650950012554 0.431533289849 -1.629292527705 -0.697705790894 -0.411818828110 -0.613995536453 2.316307797273 0.636922714190 -0.968110791286 
0.000000000000 0.000000000000 0.000000000000 0.000000000000 0.000000000000 0.000000000000 0.000000000000 0.000000000000 0.000000000000 0.000000000000 0.000000000000 0.000000000000 1.000000000000 -0.358005662619 -0.893775356457 0.249377591762 2.324572310992 -1.308610261641 -0.363733794254 -0.258242324474 0.627631850849 -1.862054820217 -0.808628965800 0.053829549508 0.162686494090 0.928089094729 -0.547578564039 0.401943323656 0.060277415215 -2.218551136629 -0.951506425621 -0.004732568918 
0.000000000000 0.000000000000 0.000000000000 0.000000000000 0.000000000000 0.000000000000 0.000000000000 0.000000000000 0.000000000000 0.000000000000 0.000000000000 0.000000000000 0.000000000000 1.000000000000 -0.901264924239 1.322627869546 4.128684407045 -2.274786931036 -0.290748635102 1.085377076412 2.085543040566 -1.563831427169 -0.743445966552 2.171348614646 0.170812452653 2.376304081370 -0.123774783707 1.153757467553 0.203254342690 -5.147030818471 -1.904610670008 0.611388161195 
0.000000000000 0.000000000000 0.000000000000 0.000000000000 0.000000000000 0.000000000000 0.000000000000 0.000000000000 0.000000000000 0.000000000000 0.000000000000 0.000000000000 0.000000000000 0.000000000000 1.000000000000 -2.178540245291 -4.326189693214 1.607040763964 0.556216895885 0.268309536345 -1.134684538652 2.001546721476 0.707911960933 -2.331328491123 0.071126661911 -1.951166932450 1.066228236247 -0.796847459911 0.073677759042 5.202749735584 1.542189564433 0.134724361998 
0.000000000000 0.000000000000 0.000000000000 0.000000000000 0.000000000000 0.000000000000 0.000000000000 0.000000000000 0.000000000000 0.000000000000 0.000000000000 0.000000000000 0.000000000000 0.000000000000 0.000000000000 1.000000000000 4.025360866617 -2.380716665220 -0.523805963831 -0.064316011011 1.159815195412 -1.044055206643 1.209183131275 -0.034045412696 -0.506771440158 1.712657945973 0.276331623277 1.388111679925 -0.529902146565 -3.784428728387 -1.024718971216 0.459764443792 
0.000000000000 0.000000000000 0.000000000000 0.000000000000 0.000000000000 0.000000000000 0.000000000000 0.000000000000 0.000000000000 0.000000000000 0.000000000000 0.000000000000 0.000000000000 0.000000000000 0.000000000000 0.000000000000 1.000000000000 -0.856257765696 0.054375855767 -0.001657705032 0.360534344797 -0.347998286343 0.286000997936 -0.270474097622 -0.296746045531 0.321249419802 0.229436564376 0.424082080367 -0.177608067092 -0.760824392565 -0.200393689215 0.393326560635 
0.000000000000 0.000000000000 0.000000000000 0.000000000000 0.000000000000 0.000000000000 0.000000000000 0.000000000000 0.000000000000 0.000000000000 0.000000000000 0.000000000000 0.000000000000 0.000000000000 0.000000000000 0.000000000000 0.000000000000 1.000000000000 24.869881088905 1.899928750285 -19.099312270675 -74.403833738487 -91.841522114230 32.788549035647 -12.414000490208 -19.900676510562 -20.357210050693 -9.355149703016 20.918214947090 -16.705227767265 -11.989612736737 33.816557756595 
0.000000000000 0.000000000000 0.000000000000 0.000000000000 0.000000000000 0.000000000000 0.000000000000 0.000000000000 0.000000000000 0.000000000000 0.000000000000 0.000000000000 0.000000000000 0.000000000000 0.000000000000 0.000000000000 0.000000000000 0.000000000000 1.000000000000 0.044039463522 -0.727587989630 -2.872652324659 -3.511300548324 1.247508023559 -0.518356797462 -0.816864783596 -0.750238183595 -0.334992373730 0.784709083053 -0.618342421392 -0.431502110917 1.360661432885 
0.000000000000 0.000000000000 0.000000000000 0.000000000000 0.000000000000 0.000000000000 0.000000000000 0.000000000000 0.000000000000 0.000000000000 0.000000000000 0.000000000000 0.000000000000 0.000000000000 0.000000000000 0.000000000000 0.000000000000 0.000000000000 0.000000000000 1.000000000000 -3.171743491005 -0.572041929883 -0.676003450433 0.374299036435 0.430202238632 0.931871350784 -1.487891653527 -0.322592183038 -0.339981952501 0.130373420133 -1.092330193176 0.443514003782 
0.000000000000 0.000000000000 0.000000000000 0.000000000000 0.000000000000 0.000000000000 0.000000000000 0.000000000000 0.000000000000 0.000000000000 0.000000000000 0.000000000000 0.000000000000 0.000000000000 0.000000000000 0.000000000000 0.000000000000 0.000000000000 0.000000000000 0.000000000000 1.000000000000 0.326865339605 0.144642235722 0.125696368848 0.061386453081 -0.111362411377 0.512371201765 0.134833097941 0.032301811665 0.133459509297 0.187880612215 0.005896853762 
0.000000000000 0.000000000000 0.000000000000 0.000000000000 0.000000000000 0.000000000000 0.000000000000 0.000000000000 0.000000000000 0.000000000000 0.000000000000 0.000000000000 0.000000000000 0.000000000000 0.000000000000 0.000000000000 0.000000000000 0.000000000000 0.000000000000 0.000000000000 0.000000000000 1.000000000000 1.361629404611 -1.601504372308 0.175119481771 0.487426354330 0.206603454313 0.327256093677 -0.078088529192 0.851841342668 0.118082280760 0.179282330664 
0.000000000000 0.000000000000 0.000000000000 0.000000000000 0.000000000000 0.000000000000 0.000000000000 0.000000000000 0.000000000000 0.000000000000 0.000000000000 0.000000000000 0.000000000000 0.000000000000 0.000000000000 0.000000000000 0.000000000000 0.000000000000 0.000000000000 0.000000000000 0.000000000000 0.000000000000 1.000000000000 -2.552494557610 0.502647428853 -0.380103605352 -0.347436581885 0.672140008747 0.795299646012 0.113088576579 0.365685181088 0.008754855544 
0.000000000000 0.000000000000 0.000000000000 0.000000000000 0.000000000000 0.000000000000 0.000000000000 0.000000000000 0.000000000000 0.000000000000 0.000000000000 0.000000000000 0.000000000000 0.000000000000 0.000000000000 0.000000000000 0.000000000000 0.000000000000 0.000000000000 0.000000000000 0.000000000000 0.000000000000 0.000000000000 1.000000000000 0.193382183033 0.543988643407 -0.021260758430 -0.378551444453 -0.385677672644 -0.501564849555 -0.765251234664 -0.272850167118 
0.000000000000 0.000000000000 0.000000000000 0.000000000000 0.000000000000 0.000000000000 0.000000000000 0.000000000000 0.000000000000 0.000000000000 0.000000000000 0.000000000000 0.000000000000 0.000000000000 0.000000000000 0.000000000000 0.000000000000 0.000000000000 0.000000000000 0.000000000000 0.000000000000 0.000000000000 0.000000000000 0.000000000000 1.000000000000 -1.662444313697 0.990906262971 -0.312270214064 3.359623908242 -2.860983327994 3.627921274027 -0.783871753627 
0.000000000000 0.000000000000 0.000000000000 0.000000000000 0.000000000000 0.000000000000 0.000000000000 0.000000000000 0.000000000000 0.000000000000 0.000000000000 0.000000000000 0.000000000000 0.000000000000 0.000000000000 0.000000000000 0.000000000000 0.000000000000 0.000000000000 0.000000000000 0.000000000000 0.000000000000 0.000000000000 0.000000000000 0.000000000000 1.000000000000 -0.240439158229 -1.300707133919 1.592561590265 -2.356546659157 0.985599372099 -0.933014386032 
0.000000000000 0.000000000000 0.000000000000 0.000000000000 0.000000000000 0.000000000000 0.000000000000 0.000000000000 0.000000000000 0.000000000000 0.000000000000 0.000000000000 0.000000000000 0.000000000000 0.000000000000 0.000000000000 0.000000000000 0.000000000000 0.000000000000 0.000000000000 0.000000000000 0.000000000000 0.000000000000 0.000000000000 0.000000000000 0.000000000000 1.000000000000 -2.863056463405 6.591148658104 -8.073732977357 6.318190469162 -2.425739849651 
0.000000000000 0.000000000000 0.000000000000 0.000000000000 0.000000000000 0.000000000000 0.000000000000 0.000000000000 0.000000000000 0.000000000000 0.000000000000 0.000000000000 0.000000000000 0.000000000000 0.000000000000 0.000000000000 0.000000000000 0.000000000000 0.000000000000 0.000000000000 0.000000000000 0.000000000000 0.000000000000 0.000000000000 0.000000000000 0.000000000000 0.000000000000 1.000000000000 -1.995032180336 3.136530619374 -1.408277065040 1.375672021502 
0.000000000000 0.000000000000 0.000000000000 0.000000000000 0.000000000000 0.000000000000 0.000000000000 0.000000000000 0.000000000000 0.000000000000 0.000000000000 0.000000000000 0.000000000000 0.000000000000 0.000000000000 0.000000000000 0.000000000000 0.000000000000 0.000000000000 0.000000000000 0.000000000000 0.000000000000 0.000000000000 0.000000000000 0.000000000000 0.000000000000 0.000000000000 0.000000000000 1.000000000000 -0.262267415122 1.172739438783 -0.462549038430 
0.000000000000 0.000000000000 0.000000000000 0.000000000000 0.000000000000 0.000000000000 0.000000000000 0.000000000000 0.000000000000 0.000000000000 0.000000000000 0.000000000000 0.000000000000 0.000000000000 0.000000000000 0.000000000000 0.000000000000 0.000000000000 0.000000000000 0.000000000000 0.000000000000 0.000000000000 0.000000000000 0.000000000000 0.000000000000 0.000000000000 0.000000000000 0.000000000000 0.000000000000 1.000000000000 -0.417885588130 -0.368740502492 
0.000000000000 0.000000000000 0.000000000000 0.000000000000 0.000000000000 0.000000000000 0.000000000000 0.000000000000 0.000000000000 0.000000000000 0.000000000000 0.000000000000 0.000000000000 0.000000000000 0.000000000000 0.000000000000 0.000000000000 0.000000000000 0.000000000000 0.000000000000 0.000000000000 0.000000000000 0.000000000000 0.000000000000 0.000000000000 0.000000000000 0.000000000000 0.000000000000 0.000000000000 0.000000000000 1.000000000000 0.487609438594 
0.000000000000 0.000000000000 0.000000000000 0.000000000000 0.000000000000 0.000000000000 0.000000000000 0.000000000000 0.000000000000 0.000000000000 0.000000000000 0.000000000000 0.000000000000 0.000000000000 0.000000000000 0.000000000000 0.000000000000 0.000000000000 0.000000000000 0.000000000000 0.000000000000 0.000000000000 0.000000000000 0.000000000000 0.000000000000 0.000000000000 0.000000000000 0.000000000000 0.000000000000 0.000000000000 0.000000000000 1.000000000000 
